(201, 194)
(201, 194)
(201, 194)
(201, 194)
(1, 194)
(1, 194)
[[ 0.   0.5  1.  ... 95.5 96.  96.5]
 [ 0.   0.5  1.  ... 95.5 96.  96.5]
 [ 0.   0.5  1.  ... 95.5 96.  96.5]
 ...
 [ 0.   0.5  1.  ... 95.5 96.  96.5]
 [ 0.   0.5  1.  ... 95.5 96.  96.5]
 [ 0.   0.5  1.  ... 95.5 96.  96.5]]
[[-50.  -50.  -50.  ... -50.  -50.  -50. ]
 [-49.5 -49.5 -49.5 ... -49.5 -49.5 -49.5]
 [-49.  -49.  -49.  ... -49.  -49.  -49. ]
 ...
 [ 49.   49.   49.  ...  49.   49.   49. ]
 [ 49.5  49.5  49.5 ...  49.5  49.5  49.5]
 [ 50.   50.   50.  ...  50.   50.   50. ]]
